camera matrix
218.306208 0.000000 165.334156
0.000000 218.729887 125.228964
0.000000 0.000000 1.000000

distortion
-0.302746 0.102220 0.007685 0.000230 0.000000

rectification
1.000000 0.000000 0.000000
0.000000 1.000000 0.000000
0.000000 0.000000 1.000000

projection
179.899200 0.000000 167.401251 0.000000
0.000000 196.422287 128.729894 0.000000
0.000000 0.000000 1.000000 0.000000

BETTER CALIBRATION:
camera matrix
215.598502 0.000000 164.897012
0.000000 215.473962 125.749682
0.000000 0.000000 1.000000

distortion
-0.339570 0.150354 0.004736 0.001499 0.000000

rectification
1.000000 0.000000 0.000000
0.000000 1.000000 0.000000
0.000000 0.000000 1.000000

projection
177.524796 0.000000 166.868546 0.000000
0.000000 191.168625 128.627504 0.000000
0.000000 0.000000 1.000000 0.000000


